example_compair.py: 32.4 time: 0.4248535633087158  svmem(total=8476856320, available=2466484224, percent=70.9, used=6010372096, free=2466484224)
example_friction.py: 25.0 time: 0.012964725494384766  svmem(total=8476856320, available=2466402304, percent=70.9, used=6010454016, free=2466402304)
example_narendra4.py: 0.0 time: 0.005984067916870117  svmem(total=8476856320, available=2466369536, percent=70.9, used=6010486784, free=2466369536)
example_pt2.py: 50.0 time: 0.003989696502685547  svmem(total=8476856320, available=2466369536, percent=70.9, used=6010486784, free=2466369536)
example_using_P0Y0_narendra4.py: 0.0 time: 0.00498652458190918  svmem(total=8476856320, available=2466369536, percent=70.9, used=6010486784, free=2466369536)
example_using_P0Y0_compair.py: 0.0 time: 0.007979393005371094  svmem(total=8476856320, available=2466312192, percent=70.9, used=6010544128, free=2466312192)
example_gradient.py: 25.0 time: 0.013935089111328125  svmem(total=8476856320, available=2466258944, percent=70.9, used=6010597376, free=2466258944)
Total time: 0.47469305992126465 cpu aan begin :0.0 vm aan begin :svmem(total=8476856320, available=2490134528, percent=70.6, used=5986721792, free=2490134528)