example_compair.py: 27.7 time: 0.40568041801452637  svmem(total=8476856320, available=2557083648, percent=69.8, used=5919772672, free=2557083648)
example_friction.py: 25.0 time: 0.013970375061035156  svmem(total=8476856320, available=2557071360, percent=69.8, used=5919784960, free=2557071360)
example_narendra4.py: 25.0 time: 0.004979372024536133  svmem(total=8476856320, available=2557038592, percent=69.8, used=5919817728, free=2557038592)
example_pt2.py: 0.0 time: 0.004986286163330078  svmem(total=8476856320, available=2557034496, percent=69.8, used=5919821824, free=2557034496)
example_using_P0Y0_narendra4.py: 0.0 time: 0.005991697311401367  svmem(total=8476856320, available=2557034496, percent=69.8, used=5919821824, free=2557034496)
example_using_P0Y0_compair.py: 50.0 time: 0.010983705520629883  svmem(total=8476856320, available=2554617856, percent=69.9, used=5922238464, free=2554617856)
example_gradient.py: 25.0 time: 0.015956878662109375  svmem(total=8476856320, available=2554540032, percent=69.9, used=5922316288, free=2554540032)
Total time: 0.46254873275756836 cpu aan begin :33.3 vm aan begin :svmem(total=8476856320, available=2585538560, percent=69.5, used=5891317760, free=2585538560)